# Results for input_cube_trans_z

## u  shape=(8, 3)  dtype=float64
   0.000e+00    0.000e+00    1.000e+00
   0.000e+00    0.000e+00    1.000e+00
   0.000e+00    0.000e+00    1.000e+00
   0.000e+00    0.000e+00    1.000e+00
   0.000e+00    0.000e+00    1.000e+00
   0.000e+00    0.000e+00    1.000e+00
   0.000e+00    0.000e+00    1.000e+00
   0.000e+00    0.000e+00    1.000e+00


## R  shape=(8, 3)  dtype=float64
  -1.421e-14   -1.421e-14    0.000e+00
  -2.842e-14    2.842e-14    0.000e+00
   1.421e-14    1.421e-14    0.000e+00
   2.842e-14   -2.842e-14    0.000e+00
  -2.842e-14   -2.842e-14    0.000e+00
  -1.421e-14    1.421e-14    0.000e+00
   2.842e-14    2.842e-14    0.000e+00
   1.421e-14   -1.421e-14    0.000e+00


## strain  shape=(5, 6)  dtype=float64
   0.000e+00    0.000e+00    0.000e+00    0.000e+00    0.000e+00    0.000e+00
   0.000e+00    0.000e+00    0.000e+00    0.000e+00    0.000e+00    0.000e+00
   0.000e+00    0.000e+00    0.000e+00    0.000e+00    0.000e+00    0.000e+00
   0.000e+00    0.000e+00    0.000e+00    0.000e+00    0.000e+00    0.000e+00
   0.000e+00    0.000e+00    0.000e+00    0.000e+00    0.000e+00    0.000e+00


## stress  shape=(5, 6)  dtype=float64
   0.000e+00    0.000e+00    0.000e+00    0.000e+00    0.000e+00    0.000e+00
   0.000e+00    0.000e+00    0.000e+00    0.000e+00    0.000e+00    0.000e+00
   0.000e+00    0.000e+00    0.000e+00    0.000e+00    0.000e+00    0.000e+00
   0.000e+00    0.000e+00    0.000e+00    0.000e+00    0.000e+00    0.000e+00
   0.000e+00    0.000e+00    0.000e+00    0.000e+00    0.000e+00    0.000e+00


