# Results for input_cube_rot_z

## u  shape=(8, 3)  dtype=float64
   0.000e+00    0.000e+00    0.000e+00
   0.000e+00    1.000e-02    0.000e+00
  -1.000e-02    1.000e-02    0.000e+00
  -1.000e-02    0.000e+00    0.000e+00
   0.000e+00    0.000e+00    0.000e+00
   0.000e+00    1.000e-02    0.000e+00
  -1.000e-02    1.000e-02    0.000e+00
  -1.000e-02    0.000e+00    0.000e+00


## R  shape=(8, 3)  dtype=float64
   0.000e+00    0.000e+00    0.000e+00
   0.000e+00    1.776e-15    0.000e+00
   0.000e+00    0.000e+00    0.000e+00
  -1.776e-15    0.000e+00    0.000e+00
   4.441e-16   -4.441e-16    0.000e+00
   1.110e-16    0.000e+00    1.110e-16
  -8.882e-16    8.882e-16    0.000e+00
   0.000e+00   -1.110e-16   -1.110e-16


## strain  shape=(5, 6)  dtype=float64
   0.000e+00    0.000e+00    0.000e+00    0.000e+00    0.000e+00    0.000e+00
   0.000e+00    0.000e+00    0.000e+00    0.000e+00    0.000e+00    0.000e+00
   0.000e+00    0.000e+00    0.000e+00    0.000e+00    0.000e+00    0.000e+00
   0.000e+00    0.000e+00    0.000e+00    0.000e+00    0.000e+00    0.000e+00
   0.000e+00    0.000e+00    0.000e+00    0.000e+00    0.000e+00    0.000e+00


## stress  shape=(5, 6)  dtype=float64
   0.000e+00    0.000e+00    0.000e+00    0.000e+00    0.000e+00    0.000e+00
   0.000e+00    0.000e+00    0.000e+00    0.000e+00    0.000e+00    0.000e+00
   0.000e+00    0.000e+00    0.000e+00    0.000e+00    0.000e+00    0.000e+00
   0.000e+00    0.000e+00    0.000e+00    0.000e+00    0.000e+00    0.000e+00
   0.000e+00    0.000e+00    0.000e+00    0.000e+00    0.000e+00    0.000e+00


