# Results for input_constant_strain

## u  shape=(5, 3)  dtype=float64
   0.000e+00    0.000e+00    0.000e+00
   1.000e-01    0.000e+00    0.000e+00
   0.000e+00    0.000e+00    0.000e+00
   0.000e+00    0.000e+00    0.000e+00
   1.000e-01    0.000e+00    0.000e+00


## R  shape=(5, 3)  dtype=float64
  -2.244e+01   -9.615e+00   -9.615e+00
   4.487e+01   -9.615e+00   -9.615e+00
  -2.244e+01    1.923e+01   -9.615e+00
  -2.244e+01   -9.615e+00    1.923e+01
   2.244e+01    9.615e+00    9.615e+00


## strain  shape=(2, 6)  dtype=float64
   1.000e-01    0.000e+00    0.000e+00    0.000e+00    0.000e+00    0.000e+00
   1.000e-01    0.000e+00    0.000e+00    0.000e+00    0.000e+00    0.000e+00


## stress  shape=(2, 6)  dtype=float64
   1.346e+02    5.769e+01    5.769e+01    0.000e+00    0.000e+00    0.000e+00
   1.346e+02    5.769e+01    5.769e+01    0.000e+00    0.000e+00    0.000e+00


