# Results for input_cube_rot_y

## u  shape=(8, 3)  dtype=float64
   0.000e+00    0.000e+00    0.000e+00
   0.000e+00    0.000e+00   -1.000e-02
   0.000e+00    0.000e+00   -1.000e-02
   0.000e+00    0.000e+00    0.000e+00
   1.000e-02    0.000e+00    0.000e+00
   1.000e-02    0.000e+00   -1.000e-02
   1.000e-02    0.000e+00   -1.000e-02
   1.000e-02    0.000e+00    0.000e+00


## R  shape=(8, 3)  dtype=float64
   0.000e+00    0.000e+00    0.000e+00
   0.000e+00   -2.220e-16   -8.882e-16
  -1.110e-16   -1.110e-16   -2.220e-16
  -1.110e-16    0.000e+00    1.665e-16
   0.000e+00    0.000e+00    0.000e+00
   4.441e-16    0.000e+00   -2.776e-16
   0.000e+00   -4.441e-16    0.000e+00
   0.000e+00    0.000e+00    0.000e+00


## strain  shape=(5, 6)  dtype=float64
   0.000e+00    0.000e+00    0.000e+00    0.000e+00    0.000e+00    0.000e+00
   0.000e+00    0.000e+00    0.000e+00    0.000e+00    0.000e+00    0.000e+00
   0.000e+00    0.000e+00    0.000e+00    0.000e+00    0.000e+00    0.000e+00
   0.000e+00    0.000e+00    0.000e+00    0.000e+00    0.000e+00    0.000e+00
   0.000e+00    0.000e+00    0.000e+00    0.000e+00    0.000e+00    0.000e+00


## stress  shape=(5, 6)  dtype=float64
   0.000e+00    0.000e+00    0.000e+00    0.000e+00    0.000e+00    0.000e+00
   0.000e+00    0.000e+00    0.000e+00    0.000e+00    0.000e+00    0.000e+00
   0.000e+00    0.000e+00    0.000e+00    0.000e+00    0.000e+00    0.000e+00
   0.000e+00    0.000e+00    0.000e+00    0.000e+00    0.000e+00    0.000e+00
   0.000e+00    0.000e+00    0.000e+00    0.000e+00    0.000e+00    0.000e+00


