# Results for input_cube

## u  shape=(8, 3)  dtype=float64
   0.000e+00    0.000e+00    0.000e+00
   0.000e+00    0.000e+00    0.000e+00
   0.000e+00    0.000e+00    0.000e+00
   0.000e+00    0.000e+00    0.000e+00
   0.000e+00    0.000e+00    0.000e+00
   0.000e+00    0.000e+00    0.000e+00
   0.000e+00    0.000e+00    0.000e+00
   0.000e+00    0.000e+00    0.000e+00


## R  shape=(8, 3)  dtype=float64
   0.000e+00    0.000e+00    0.000e+00
   0.000e+00    0.000e+00    0.000e+00
   0.000e+00    0.000e+00    0.000e+00
   0.000e+00    0.000e+00    0.000e+00
   0.000e+00    0.000e+00    0.000e+00
   0.000e+00    0.000e+00    0.000e+00
   0.000e+00    0.000e+00    0.000e+00
   0.000e+00    0.000e+00    0.000e+00


## strain  shape=(5, 6)  dtype=float64
   0.000e+00    0.000e+00    0.000e+00    0.000e+00    0.000e+00    0.000e+00
   0.000e+00    0.000e+00    0.000e+00    0.000e+00    0.000e+00    0.000e+00
   0.000e+00    0.000e+00    0.000e+00    0.000e+00    0.000e+00    0.000e+00
   0.000e+00    0.000e+00    0.000e+00    0.000e+00    0.000e+00    0.000e+00
   0.000e+00    0.000e+00    0.000e+00    0.000e+00    0.000e+00    0.000e+00


## stress  shape=(5, 6)  dtype=float64
   0.000e+00    0.000e+00    0.000e+00    0.000e+00    0.000e+00    0.000e+00
   0.000e+00    0.000e+00    0.000e+00    0.000e+00    0.000e+00    0.000e+00
   0.000e+00    0.000e+00    0.000e+00    0.000e+00    0.000e+00    0.000e+00
   0.000e+00    0.000e+00    0.000e+00    0.000e+00    0.000e+00    0.000e+00
   0.000e+00    0.000e+00    0.000e+00    0.000e+00    0.000e+00    0.000e+00


