# Results for input_example

## u  shape=(5, 3)  dtype=float64
   0.000e+00    0.000e+00    0.000e+00
  -2.254e-02    0.000e+00    0.000e+00
   0.000e+00    3.986e-02    0.000e+00
   0.000e+00    0.000e+00   -6.941e-03
   8.708e-02   -3.772e-02   -2.212e-02


## R  shape=(5, 3)  dtype=float64
   1.892e+00   -6.108e+00   -1.081e-01
  -8.882e-16    2.054e+00    6.054e+00
  -7.946e+00    1.000e+01   -5.946e+00
  -3.946e+00   -5.946e+00    3.886e-16
   1.000e+01    0.000e+00    4.510e-16


## strain  shape=(2, 6)  dtype=float64
  -2.254e-02    3.986e-02   -6.941e-03    0.000e+00    0.000e+00    0.000e+00
   3.227e-02    1.070e-03   -1.453e-02    1.602e-02   -4.638e-02    4.722e-02


## stress  shape=(2, 6)  dtype=float64
  -1.135e+01    3.665e+01    6.486e-01    0.000e+00    0.000e+00    0.000e+00
   3.568e+01    1.168e+01   -3.243e-01    6.162e+00   -1.784e+01    1.816e+01


